% From Siljac book
% Marcello Farina, 19/12/2019

Atot =[0 1 0 3.2 1.98
    0 0 1 -14.72 0.49
    -8.86 8.50 9.39 -7.92 36.01
    1.69 1.26 0.08 0 1
    -7.52 -5.23 0.49 32.32 -1.36];
         
Bdec{1}=[0 0 1 0 0]';
Bdec{2}=[0 0 0 0 1]';
    
Ctot=eye(5);
Cdec{1}=Ctot(1:3,:);
Cdec{2}=Ctot(4:5,:);
         
     